start
time: 2018-10-08T16-17-23+02-00 ;  user: devNa8WgiMFPI
tab: gamma
share_investment: 0.15
share_agrar: 0.66
share_pi_nr: 5
nr_water: 0.4
nr_land: 0.6
share_pi_fm: 2
fm_crop: 0.7087
fm_animal: 0.2756
fm_export: 0.0157
share_pi_ma: 6
ma_road: 0.4444
ma_storage: 0.5556
share_pi_hr: 1
hr_research: 0.4286
hr_extension: 0.5714
gamma_: 0.05,0.01,0.02,0.01,0.00,0.00,0.02,0.02,0.00,0.00
policy_: 71.97,19.96,29.94,14.14,5.50,0.31,26.61,33.27,4.28,5.70
pillar_budget_: 49.89,19.96,59.87,9.98,71.97
effective_budget_: 137.41,138.60,115.67,137.80,135.91,137.25,114.54,129.04,153.17,142.13,129.29,46.46,164.88,79.47,77.72,76.92,90.18,76.92,76.93,76.74,77.11,90.64,76.68,82.07,82.23,76.70,76.67,89.70,76.73,76.78,76.63,81.79,78.41,78.37,78.40,92.52,78.36,78.26,80.30,72.29,72.43,72.45,72.40
tp_: 6.84,7.16,3.59,6.99,6.47,6.85,3.64,5.33,1.07,2.92,0.94,1.15,3.13,0.07,0.04,0.00,1.12,0.00,0.02,0.00,2.28,0.39,0.00,0.31,3.00,0.00,0.00,4.27,0.01,0.10,1.15,0.52,0.00,0.00,0.00,2.74,0.00,3.45,1.02,1.88,0.81,0.20,1.54
wz_: 0.05,0.01,-0.00,0.08,0.05,0.05,-0.00
z1_: 858.70,902.33,945.96,989.59,1033.22,1076.85,1120.48,1164.11,1207.74,1251.37,1295.00
z2_: 169.19,175.15,181.10,187.06,193.01,198.97,204.92,210.88,216.84,222.79,228.75
z3_: 379.74,378.01,376.28,374.56,372.83,371.11,369.38,367.66,365.93,364.20,362.48
z4_: 121.74,131.37,141.00,150.63,160.26,169.89,179.52,189.15,198.79,208.42,218.05
z5_: 3625.43,3823.13,4020.84,4218.54,4416.24,4613.95,4811.65,5009.35,5207.06,5404.76,5602.46
z6_: 1405.49,1479.60,1553.70,1627.81,1701.92,1776.02,1850.13,1924.24,1998.34,2072.45,2146.56
z7_: 99.96,99.96,99.96,99.96,99.96,99.96,99.96,99.96,99.96,99.95,99.95
score: 1
tab: gamma
slider changed: 
share_investment: 0.66
gamma: 0.22,0.06,0.09,0.04,0.02,0.00,0.08,0.10,0.01,0.02
score: -1.9398144022694643
tab: gamma
slider changed: 
share_agrar: 0.52
gamma: 0.32,0.05,0.07,0.03,0.01,0.00,0.07,0.08,0.01,0.01
score: -1.9079367520817199
tab: gamma
slider changed: 
share_pi_nr: 7
gamma: 0.32,0.06,0.09,0.03,0.01,0.00,0.06,0.07,0.01,0.01
score: -1.9079367520817199
tab: effective_budget
share_investment: 0.66
share_agrar: 0.52
share_pi_nr: 7
nr_water: 0.4
nr_land: 0.6
share_pi_fm: 2
fm_crop: 0.7087
fm_animal: 0.2756
fm_export: 0.0157
share_pi_ma: 6
ma_road: 0.4444
ma_storage: 0.5556
share_pi_hr: 1
hr_research: 0.4286
hr_extension: 0.5714
tab changed 
effective_budget: 551.04,556.73,449.49,552.17,544.63,550.12,444.01,513.22,699.57,577.46,571.64,200.41,668.07,262.93,471.55,468.26,521.94,468.28,468.30,467.48,469.01,523.27,467.23,488.80,489.52,467.29,467.19,517.01,467.47,467.63,467.01,487.72,474.48,474.33,474.47,526.07,474.29,473.89,482.25,448.46,449.01,449.10,448.90
score: -1.9079367520817199
tab: effective_budget
slider changed: 
share_pi_nr: 2
effective_budget: 590.96,596.82,486.58,592.74,583.88,590.20,480.80,550.88,590.66,615.03,551.77,240.56,707.95,364.23,476.89,472.82,540.06,472.83,472.87,471.86,473.78,542.09,471.56,498.78,499.64,471.64,471.52,536.04,471.85,472.07,471.29,497.39,480.47,480.28,480.45,549.05,480.24,479.74,490.13,448.76,449.43,449.54,449.29
score: -1.9079367520817199
tab: effective_budget
slider changed: 
share_investment: 0.29
effective_budget: 259.67,262.24,213.80,260.45,256.55,259.33,211.26,242.05,259.53,270.24,242.45,105.70,311.07,160.04,209.54,207.75,237.30,207.76,207.78,207.33,208.17,238.19,207.20,219.16,219.54,207.24,207.18,235.53,207.33,207.42,207.08,218.55,211.12,211.03,211.11,241.25,211.01,210.79,215.36,197.18,197.48,197.52,197.42
score: -2.10742914245085
final score: -2.10742914245085
